Name		Income	Proceed	Year Ago
Anderson 	39,564	38,588	38,588
Bedford 	35,368	34,453	34,453
Benton 	31,724	31,254	31,254
Bledsoe 	24,314	24,635	24,635
Blount 	39,956	38,955	38,955
Bradley 	37,289	37,034	37,034
Campbell 	31,642	31,335	31,335
Cannon 	34,227	33,603	33,603
Carroll 	33,023	33,121	33,121
Carter 	31,531	31,148	31,148
Cheatham 	41,409	39,627	39,627
Chester 	31,301	30,526	30,526
Claiborne 32,745	32,319	32,319
Clay 	28,777	29,352	29,352
Cocke 	30,520	29,920	29,920
Coffee 	36,470	36,486	36,486
Crockett 	34,324	34,315	34,315
Cumberland 35,186	34,470	34,470
Davidson 	57,717	54,994	54,994
Decatur 	39,978	40,211	40,211
DeKalb 	38,367	37,732	37,732
Dickson 	37,936	36,447	36,447
Dyer 	37,321	37,460	37,460
Fayette 	51,651	49,631	49,631
Fentress 	30,716	30,394	30,394
Franklin 	35,999	35,656	35,656
Gibson 	34,324	34,757	34,757
Giles 	35,838	34,900	34,900
Grainger 	30,796	30,607	30,607
Greene 	34,002	35,087	35,087
Grundy 	30,120	29,414	29,414
Hamblen 	35,331	35,014	35,014
Hamilton 	48,383	47,647	47,647
Hancock 	24,995	25,042	25,042
Hardeman 	27,078	26,703	26,703
Hardin 	34,699	34,213	34,213
Hawkins 	31,974	31,740	31,740
Haywood 	29,440	28,236	28,236
Henderson 33,158	32,681	32,681
Henry 	38,384	38,141	38,141
Hickman 	30,595	30,084	30,084
Houston 	29,287	29,967	29,967
Humphreys 35,724	36,110	36,110
Jackson 	28,645	27,958	27,958
Jefferson 33,558	32,786	32,786
Johnson 	29,766	29,357	29,357
Knox 	46,138	45,271	45,271
Lake 	20,780	21,851	21,851
Lauderdale 28,412	26,466	26,466
Lawrence 	32,473	31,694	31,694
Lewis 	31,760	30,691	30,691
Lincoln 	37,655	37,219	37,219
Loudon 	44,943	43,707	43,707
Macon 	30,963	30,701	30,701
Madison 	39,748	38,837	38,837
Marion 	36,890	35,314	35,314
Marshall 	36,032	34,491	34,491
Maury 	39,308	37,762	37,762
McMinn 	33,819	33,309	33,309
McNairy 	30,507	29,680	29,680
Meigs 	31,029	31,066	31,066
Monroe 	32,168	31,047	31,047
Montgomery 39,637	39,371	39,371
Moore 	37,696	38,210	38,210
Morgan 	27,983	27,771	27,771
Obion 	36,394	36,538	36,538
Overton 	31,265	30,548	30,548
Perry 	31,251	30,915	30,915
Pickett 	36,477	36,523	36,523
Polk 	30,927	30,783	30,783
Putnam 	37,592	37,197	37,197
Rhea 	32,910	33,052	33,052
Roane 	38,279	37,332	37,332
Robertson 38,684	37,840	37,840
Rutherford 38,999	38,067	38,067
Scott 	28,042	27,915	27,915
Sequatchie 34,266	33,747	33,747
Sevier 	37,519	36,545	36,545
Shelby 	45,904	45,071	45,071
Smith 	35,170	34,834	34,834
Stewart 	39,666	38,737	38,737
Sullivan 	39,798	38,998	38,998
Sumner 	45,075	43,964	43,964
Tipton 	36,862	35,596	35,596
Trousdale 29,178	34,790	34,790
Unicoi 	33,479	33,824	33,824
Union 	30,517	29,513	29,513
Van Buren 28,547	29,317	29,317
Warren 	32,956	32,611	32,611
Washington 39,766	39,536	39,536
Wayne 	25,757	26,469	26,469
Weakley 	33,848	33,403	33,403
White 	31,330	30,971	30,971
Williamson 92,784	92,247	92,247
Wilson 	46,029	44,657	44,657
